shawanna.sarvis.19	81.62257748784648	80.56776687587485	79.8765369553556	87.2242797767715
alessandra.meli.19	82.00192645445178	86.1623114040416	81.35770739843122	74.96959466731323
elroy.korhonen.19	65.76545090404898	74.06086820115637	57.81417059541785	65.07717692709647
deloris.hyde.19	72.26331374167293	70.28352613814955	72.28217317528942	76.18517008148669
allegra.haight.19	71.17374984975594	66.39405689417312	76.2782916331243	70.5240521941848
deborah.hussey.19	77.23344288168337	78.8849760387585	75.02585360769726	78.34555511550535
rex.chicoine.19	83.98074835521814	81.98265988217156	86.2902631364605	83.3578957388266
jonah.lehrman.19	82.8388840521182	82.88869573946815	83.00616787944277	82.40469302276921
sylvie.selby.19	82.82726058051989	77.68074308957092	90.77762852439787	77.21955967466187
jonna.remus.19	74.49007113400562	74.3558402558403	71.39518819686138	80.94829876462471
marvin.schermerhorn.19	78.3404455081446	69.7589054749526	83.11109425947427	85.9622280718692
armand.bettis.19	78.92622805430696	73.69154762879143	83.03581047605778	81.17642406183636
shemika.oehler.19	85.0899682361495	83.31593564828476	87.47601857125329	83.86593274167137
lorrie.neider.19	77.6387030940395	67.86468743799651	82.31162744767731	87.84088569884989
suzi.horton.19	71.70599702986891	69.60411443524754	74.07802538180242	71.16570551524465
vania.lovelace.19	74.89785137748115	85.55604379448005	65.72984407801447	71.91748114241672
johnsie.lindsley.19	67.76697586329476	55.13889778489147	76.26086977954927	76.03534418759227
alissa.foreman.19	71.94910627908023	73.47572239902554	69.46605800264547	73.86197059205911
rudolf.evelyn.19	90.08084561705658	93.08532264695839	87.0733308679878	90.08692105539042
rosemarie.mcglasson.19	82.22656205823671	82.987506149122	76.7859381634115	91.58592166611658
delmy.jansen.19	85.08375753163932	84.24590498902892	81.30737339790272	94.3122308843333
merideth.arguello.19	69.61647426257255	57.47534095290217	80.59016627797452	71.95135685110931
shanita.grazier.19	86.61809992211619	93.13859865858046	81.41633671306786	83.98062886728422
elijah.price.19	70.06999185129872	70.48314496068842	67.65431634042886	74.07503665425902
nigel.knarr.19	75.72545422449193	83.87472525090054	64.17253030718427	82.53276000629
rutha.etchison.19	72.9997302713727	71.89915710322451	73.71377553013767	73.77278609013908
edra.gregoire.19	70.0101741200647	67.21815136085716	74.42069704918498	66.77317378023923
cristy.height.19	63.25960149634611	59.75880200347223	66.75935119126939	63.26170109224724
marilu.stankiewicz.19	81.93048332940302	77.65157660250453	85.83119788403882	82.68686767392835
jarrett.mcalexander.19	62.28099095271773	67.99846921288935	59.194850923386014	57.01831449103788
virgie.spohn.19	52.70889087393247	41.031190410320875	62.967445752510116	55.54718204400035
miguelina.venzon.19	90.48931215569323	90.51326914388164	86.82339536068335	97.77323176933612
jasper.giberson.19	80.81949682063127	84.65490294630528	76.81865640702031	81.15036539650514
kai.scianna.19	78.72129757867174	71.73469848449929	81.79247632808777	86.55213826818455
kizzie.bonham.19	78.83778768126595	73.34217001148492	84.26469959823028	78.97519918689927
majorie.kanner.19	66.06521339110826	57.103293984382766	70.63264265093437	74.85419368490699
clora.erikson.19	83.86629680288522	82.97649452769933	80.69533195098037	91.98783105706673
lyda.shepardson.19	73.07769729388107	77.19186841769393	66.25979158922762	78.48516645556231
beverlee.millar.19	64.0855859094228	70.4456223976458	56.61507637181257	66.30653200819722
oda.giordano.19	85.09849705038016	84.3842816079953	88.36481536845741	79.99429129899532
jo.pollitt.19	69.82823253720184	69.72129156143465	69.82630545756598	70.0459686480079
iesha.pelchat.19	78.20266419944286	81.68305622047482	77.6754455033622	72.2963175495403
lanora.phinney.19	78.17478446138901	66.36733694582432	83.71689320569618	90.705462003904
ria.vallejo.19	80.27382741118909	80.2788800556538	78.55215307541526	83.7070707938073
charisse.roiger.19	90.35104611366393	91.92601186473844	84.26654053939897	99.37012576004486
theola.francoeur.19	72.59884879525276	79.77279097387532	63.172661604785375	77.10333881894242
roxie.gutierrez.19	59.265348398383566	62.797406021423775	55.34936348061603	60.03320298783822
kathryn.crossland.19	66.62585884435025	68.55062674541378	62.732211021862256	70.56361868719917
jaime.cato.19	85.49288506115744	84.06599729610542	84.11982559888989	91.09277951579658
alecia.belfield.19	62.91837608355642	72.22360504992574	52.24990599205558	65.64485833381944
nicolette.belle.19	71.43514367653023	70.00645545515003	72.77050093837482	71.6218055956014
lu.elks.19	72.94430265398975	71.29824986450812	73.06357381186933	75.99786591719383
joanie.stermer.19	79.24908232268959	82.31266526977518	76.44300731756815	78.7340664387613
daron.severa.19	64.40350411043653	67.65142432365629	59.235471842945	68.24372821898011
salena.wooton.19	88.60329301017214	83.86030750202723	93.38014100195466	88.53556804289695
jacalyn.crago.19	80.36945645121318	73.75140470081351	84.54320175846902	85.2580693375008
jackeline.einhorn.19	84.82983883523977	85.3910433705126	83.54850314673233	86.27010114170899
jill.constantine.19	73.21265241365049	69.01192284597731	74.89559554099012	78.24822529431758
kara.lemanski.19	82.37566031957066	85.49657235469687	80.62500081679678	79.63515525486598
clifford.aikin.19	76.05395327324536	77.06247831350352	75.96685069046315	74.2111083582934
buena.trivedi.19	77.92806504668411	84.10086633535819	71.266478282393	78.90563599791815
lacy.mattes.19	52.00035491496213	54.31200241778885	42.63878955219816	66.10019063483662
keven.monks.19	72.46959336394389	76.73152232454265	69.79244410526508	69.30003396010399
allie.taniguchi.19	86.62800843574618	83.83635316255804	86.53138118937669	92.4045734748615
iesha.murrell.19	75.69908133299342	77.37978887338544	75.76454875317305	72.2067314118501
mandie.hallam.19	80.188198115919	83.51894664367359	75.00006675448472	83.90296378327834
melvin.ellery.19	83.9949588785559	75.78316961062423	89.36073591493144	89.68698334166815
scottie.lank.19	70.88419681078653	61.26633092825193	78.26654816656125	75.35522586430625
sanda.castelli.19	76.62513423830191	74.94348151512217	79.74243197809282	73.75384420507952
ludie.truesdale.19	59.57388607392434	64.04851704754547	56.69642718401861	56.37954190649352
kerri.durr.19	63.79702186126982	66.69461461121631	62.33900201869733	60.917876046521776
donnetta.goss.19	84.62389255242715	83.80724006447623	81.98934657901003	91.52628947516321
magaret.aumick.19	70.39417611372052	72.94572273553399	66.34457204805518	73.39029100142425
tatiana.tardiff.19	83.03270228303084	77.4436390834925	87.7062078563637	84.86381753544181
gilma.guess.19	92.19311436433625	91.99041802037628	92.57214942645166	91.84043692802533
winfred.willems.19	78.40300986883898	71.79473208690122	84.41189356812072	79.60179803415095
marchelle.mahr.19	85.912021417083	75.48359324725813	89.55830587014384	99.47630885061102
ivana.dries.19	76.18139346641465	74.20324738173122	75.55604601552893	81.38838053755295
laquita.busse.19	84.25286797563392	81.86082062897141	83.9089432157527	89.72481218872139
tawanda.sward.19	69.68458227195507	73.55590105229349	64.25425680120792	72.80259565277244
lekisha.byer.19	76.09711893267809	80.84470716505128	71.5541560439861	75.68786824531564
velva.neitzel.19	66.90901112463172	74.39790186474663	59.02746461667648	67.69432266031235
taylor.wasser.19	75.61425965960403	70.63108787309145	75.87995938458481	85.04920378266763
conception.dunstan.19	84.15127264373886	78.67072152826326	83.11543544421986	97.18404927372808
sherwood.moshier.19	70.8488043061728	77.09460624963933	61.259364879947064	77.53607927169118
elizabeth.cothran.19	54.67471293162896	57.57695001254378	51.52869440503195	55.162275822993315
izetta.grill.19	70.5128772096119	68.20151668392496	69.43999703516857	77.28135860987238
irwin.ogren.19	72.67893255796227	73.28172458827795	71.92024818271356	72.99071724782829
krystin.slover.19	82.43060286729644	86.57289396332811	80.52073493502586	77.96575653977423
nobuko.demaria.19	89.50810532473216	88.38172849804914	88.12704187774908	94.5229858720643
georgia.tienda.19	70.54997587450798	79.24522044437823	59.26536275826329	75.72871296725681
sergio.eklund.19	84.28704513324287	84.62805146048284	84.11801135153709	83.94310004217449
adriene.provencal.19	80.56883837455204	80.35629791012533	79.34740358343453	83.43678888564044
greta.roundy.19	88.74531057532081	93.68674099420173	83.03018494305303	90.29270100209446
brock.maroon.19	75.93145802460495	73.61135589371956	79.62896286239219	73.17665261080126
twanna.urso.19	78.76778286004141	67.07755036562723	88.93998058935001	81.80385239025252
garfield.owings.19	76.67415531060533	80.85588364111514	71.2831423646019	79.09272454159255
dolores.olague.19	80.18925464599529	82.78167453641011	73.87380715257201	87.63530985201221
dalia.witzke.19	73.2137013552804	70.36513103022698	75.5436251979536	74.25099432004082
tracee.ryles.19	87.1269870574879	83.20657968514281	87.59724141409767	94.0272930889585
class median	76.95379909614435	76.25734596758343	78.60961644716181	76.36064947534622
class mean	76.25340167207425	75.7526054984085	78.87055592813682	75.44562071770869
class std deviation	8.531826017990394	9.377365490387533	9.88721603881628	10.315374182821532
